(kicad_pcb (version 20171130) (host pcbnew 5.1.5-52549c5~84~ubuntu18.04.1)

  (general
    (thickness 1.6)
    (drawings 8)
    (tracks 539)
    (zones 0)
    (modules 81)
    (nets 43)
  )

  (page A4)
  (layers
    (0 F.Cu signal)
    (31 B.Cu signal)
    (32 B.Adhes user hide)
    (33 F.Adhes user hide)
    (34 B.Paste user)
    (35 F.Paste user hide)
    (36 B.SilkS user)
    (37 F.SilkS user)
    (38 B.Mask user hide)
    (39 F.Mask user hide)
    (40 Dwgs.User user hide)
    (41 Cmts.User user hide)
    (42 Eco1.User user hide)
    (43 Eco2.User user hide)
    (44 Edge.Cuts user)
    (45 Margin user hide)
    (46 B.CrtYd user)
    (47 F.CrtYd user)
    (48 B.Fab user hide)
    (49 F.Fab user hide)
  )

  (setup
    (last_trace_width 0.5)
    (trace_clearance 0.5)
    (zone_clearance 1)
    (zone_45_only no)
    (trace_min 0.2)
    (via_size 2)
    (via_drill 1.2)
    (via_min_size 0.4)
    (via_min_drill 0.3)
    (uvia_size 0.3)
    (uvia_drill 0.1)
    (uvias_allowed no)
    (uvia_min_size 0.2)
    (uvia_min_drill 0.1)
    (edge_width 0.05)
    (segment_width 0.2)
    (pcb_text_width 0.3)
    (pcb_text_size 1.5 1.5)
    (mod_edge_width 0.12)
    (mod_text_size 1 1)
    (mod_text_width 0.15)
    (pad_size 1.524 1.524)
    (pad_drill 0.762)
    (pad_to_mask_clearance 0.051)
    (solder_mask_min_width 0.25)
    (aux_axis_origin 0 0)
    (visible_elements FFFFFF7F)
    (pcbplotparams
      (layerselection 0x010fc_ffffffff)
      (usegerberextensions false)
      (usegerberattributes false)
      (usegerberadvancedattributes false)
      (creategerberjobfile false)
      (excludeedgelayer true)
      (linewidth 0.100000)
      (plotframeref false)
      (viasonmask false)
      (mode 1)
      (useauxorigin false)
      (hpglpennumber 1)
      (hpglpenspeed 20)
      (hpglpendiameter 15.000000)
      (psnegative false)
      (psa4output false)
      (plotreference true)
      (plotvalue true)
      (plotinvisibletext false)
      (padsonsilk false)
      (subtractmaskfromsilk false)
      (outputformat 4)
      (mirror false)
      (drillshape 0)
      (scaleselection 1)
      (outputdirectory "../../"))
  )

  (net 0 "")
  (net 1 10_AVSS)
  (net 2 "Net-(C3-Pad2)")
  (net 3 "Net-(C4-Pad1)")
  (net 4 9_AVDD)
  (net 5 GNDA)
  (net 6 15_IOVDD)
  (net 7 27_GND)
  (net 8 14_REFEXT)
  (net 9 28_CAP)
  (net 10 12_REFP)
  (net 11 11_VNCP)
  (net 12 30_M0)
  (net 13 "Net-(C26-Pad1)")
  (net 14 "Net-(C27-Pad1)")
  (net 15 31_M1)
  (net 16 32_M2)
  (net 17 "Net-(C30-Pad1)")
  (net 18 +5V)
  (net 19 GND)
  (net 20 "Net-(C33-Pad1)")
  (net 21 "Net-(C33-Pad2)")
  (net 22 "Net-(C36-Pad2)")
  (net 23 "Net-(C38-Pad1)")
  (net 24 "Net-(C39-Pad2)")
  (net 25 "Net-(C41-Pad1)")
  (net 26 "Net-(J3-Pad2)")
  (net 27 "Net-(J3-Pad1)")
  (net 28 "Net-(J8-Pad3)")
  (net 29 "Net-(J9-Pad3)")
  (net 30 "Net-(J11-Pad3)")
  (net 31 19_DRDY)
  (net 32 ADC_SPI_CS)
  (net 33 23_CS)
  (net 34 17_RESET)
  (net 35 18_DONE)
  (net 36 20_DIN)
  (net 37 21_DOUT)
  (net 38 22_SCLK)
  (net 39 25_XTAL1)
  (net 40 26_XTAL2)
  (net 41 8_AIN4P)
  (net 42 7_AIN4N)

  (net_class Default "This is the default net class."
    (clearance 0.5)
    (trace_width 0.5)
    (via_dia 2)
    (via_drill 1.2)
    (uvia_dia 0.3)
    (uvia_drill 0.1)
    (add_net +5V)
    (add_net 10_AVSS)
    (add_net 11_VNCP)
    (add_net 12_REFP)
    (add_net 14_REFEXT)
    (add_net 15_IOVDD)
    (add_net 17_RESET)
    (add_net 18_DONE)
    (add_net 19_DRDY)
    (add_net 20_DIN)
    (add_net 21_DOUT)
    (add_net 22_SCLK)
    (add_net 23_CS)
    (add_net 25_XTAL1)
    (add_net 26_XTAL2)
    (add_net 27_GND)
    (add_net 28_CAP)
    (add_net 30_M0)
    (add_net 31_M1)
    (add_net 32_M2)
    (add_net 7_AIN4N)
    (add_net 8_AIN4P)
    (add_net 9_AVDD)
    (add_net ADC_SPI_CS)
    (add_net GND)
    (add_net GNDA)
    (add_net "Net-(C26-Pad1)")
    (add_net "Net-(C27-Pad1)")
    (add_net "Net-(C3-Pad2)")
    (add_net "Net-(C30-Pad1)")
    (add_net "Net-(C33-Pad1)")
    (add_net "Net-(C33-Pad2)")
    (add_net "Net-(C36-Pad2)")
    (add_net "Net-(C38-Pad1)")
    (add_net "Net-(C39-Pad2)")
    (add_net "Net-(C4-Pad1)")
    (add_net "Net-(C41-Pad1)")
    (add_net "Net-(J11-Pad3)")
    (add_net "Net-(J3-Pad1)")
    (add_net "Net-(J3-Pad2)")
    (add_net "Net-(J8-Pad3)")
    (add_net "Net-(J9-Pad3)")
  )

  (net_class AIN ""
    (clearance 0.3)
    (trace_width 0.3)
    (via_dia 2)
    (via_drill 1.2)
    (uvia_dia 0.3)
    (uvia_drill 0.1)
  )

  (module Resistor_SMD:R_0805_2012Metric_Pad1.15x1.40mm_HandSolder (layer B.Cu) (tedit 5B36C52B) (tstamp 5E312517)
    (at 107.225 74.875)
    (descr "Resistor SMD 0805 (2012 Metric), square (rectangular) end terminal, IPC_7351 nominal with elongated pad for handsoldering. (Body size source: https://docs.google.com/spreadsheets/d/1BsfQQcO9C6DZCsRaXUlFlo91Tg2WpOkGARC1WS5S8t0/edit?usp=sharing), generated with kicad-footprint-generator")
    (tags "resistor handsolder")
    (path /5E3A5404)
    (attr smd)
    (fp_text reference R14 (at 0.025 -1.825 180) (layer B.SilkS)
      (effects (font (size 1 1) (thickness 0.15)) (justify mirror))
    )
    (fp_text value 499 (at 0 -1.65 180) (layer B.Fab)
      (effects (font (size 1 1) (thickness 0.15)) (justify mirror))
    )
    (fp_line (start -1 -0.6) (end -1 0.6) (layer B.Fab) (width 0.1))
    (fp_line (start -1 0.6) (end 1 0.6) (layer B.Fab) (width 0.1))
    (fp_line (start 1 0.6) (end 1 -0.6) (layer B.Fab) (width 0.1))
    (fp_line (start 1 -0.6) (end -1 -0.6) (layer B.Fab) (width 0.1))
    (fp_line (start -0.261252 0.71) (end 0.261252 0.71) (layer B.SilkS) (width 0.12))
    (fp_line (start -0.261252 -0.71) (end 0.261252 -0.71) (layer B.SilkS) (width 0.12))
    (fp_line (start -1.85 -0.95) (end -1.85 0.95) (layer B.CrtYd) (width 0.05))
    (fp_line (start -1.85 0.95) (end 1.85 0.95) (layer B.CrtYd) (width 0.05))
    (fp_line (start 1.85 0.95) (end 1.85 -0.95) (layer B.CrtYd) (width 0.05))
    (fp_line (start 1.85 -0.95) (end -1.85 -0.95) (layer B.CrtYd) (width 0.05))
    (fp_text user %R (at 0 0 180) (layer B.Fab)
      (effects (font (size 0.5 0.5) (thickness 0.08)) (justify mirror))
    )
    (pad 1 smd roundrect (at -1.025 0) (size 1.15 1.4) (layers B.Cu B.Paste B.Mask) (roundrect_rratio 0.217391)
      (net 6 15_IOVDD))
    (pad 2 smd roundrect (at 1.025 0) (size 1.15 1.4) (layers B.Cu B.Paste B.Mask) (roundrect_rratio 0.217391)
      (net 30 "Net-(J11-Pad3)"))
    (model ${KISYS3DMOD}/Resistor_SMD.3dshapes/R_0805_2012Metric.wrl
      (at (xyz 0 0 0))
      (scale (xyz 1 1 1))
      (rotate (xyz 0 0 0))
    )
  )

  (module Resistor_SMD:R_0805_2012Metric_Pad1.15x1.40mm_HandSolder (layer B.Cu) (tedit 5B36C52B) (tstamp 5E310DBF)
    (at 91.5 51.05 180)
    (descr "Resistor SMD 0805 (2012 Metric), square (rectangular) end terminal, IPC_7351 nominal with elongated pad for handsoldering. (Body size source: https://docs.google.com/spreadsheets/d/1BsfQQcO9C6DZCsRaXUlFlo91Tg2WpOkGARC1WS5S8t0/edit?usp=sharing), generated with kicad-footprint-generator")
    (tags "resistor handsolder")
    (path /5E858816)
    (attr smd)
    (fp_text reference R1 (at 3.075 -0.05) (layer B.SilkS)
      (effects (font (size 1 1) (thickness 0.15)) (justify mirror))
    )
    (fp_text value 0 (at 0 -1.65) (layer B.Fab)
      (effects (font (size 1 1) (thickness 0.15)) (justify mirror))
    )
    (fp_line (start -1 -0.6) (end -1 0.6) (layer B.Fab) (width 0.1))
    (fp_line (start -1 0.6) (end 1 0.6) (layer B.Fab) (width 0.1))
    (fp_line (start 1 0.6) (end 1 -0.6) (layer B.Fab) (width 0.1))
    (fp_line (start 1 -0.6) (end -1 -0.6) (layer B.Fab) (width 0.1))
    (fp_line (start -0.261252 0.71) (end 0.261252 0.71) (layer B.SilkS) (width 0.12))
    (fp_line (start -0.261252 -0.71) (end 0.261252 -0.71) (layer B.SilkS) (width 0.12))
    (fp_line (start -1.85 -0.95) (end -1.85 0.95) (layer B.CrtYd) (width 0.05))
    (fp_line (start -1.85 0.95) (end 1.85 0.95) (layer B.CrtYd) (width 0.05))
    (fp_line (start 1.85 0.95) (end 1.85 -0.95) (layer B.CrtYd) (width 0.05))
    (fp_line (start 1.85 -0.95) (end -1.85 -0.95) (layer B.CrtYd) (width 0.05))
    (fp_text user %R (at 0 0) (layer B.Fab)
      (effects (font (size 0.5 0.5) (thickness 0.08)) (justify mirror))
    )
    (pad 1 smd roundrect (at -1.025 0 180) (size 1.15 1.4) (layers B.Cu B.Paste B.Mask) (roundrect_rratio 0.217391)
      (net 27 "Net-(J3-Pad1)"))
    (pad 2 smd roundrect (at 1.025 0 180) (size 1.15 1.4) (layers B.Cu B.Paste B.Mask) (roundrect_rratio 0.217391)
      (net 26 "Net-(J3-Pad2)"))
    (model ${KISYS3DMOD}/Resistor_SMD.3dshapes/R_0805_2012Metric.wrl
      (at (xyz 0 0 0))
      (scale (xyz 1 1 1))
      (rotate (xyz 0 0 0))
    )
  )

  (module Capacitor_SMD:C_0805_2012Metric_Pad1.15x1.40mm_HandSolder (layer B.Cu) (tedit 5B36C52B) (tstamp 5E2BE242)
    (at 95.25 74.55 270)
    (descr "Capacitor SMD 0805 (2012 Metric), square (rectangular) end terminal, IPC_7351 nominal with elongated pad for handsoldering. (Body size source: https://docs.google.com/spreadsheets/d/1BsfQQcO9C6DZCsRaXUlFlo91Tg2WpOkGARC1WS5S8t0/edit?usp=sharing), generated with kicad-footprint-generator")
    (tags "capacitor handsolder")
    (path /5E29E753)
    (attr smd)
    (fp_text reference C3 (at 0.05 -1.8 90) (layer B.SilkS)
      (effects (font (size 1 1) (thickness 0.15)) (justify mirror))
    )
    (fp_text value 100pF (at 0 -1.65 90) (layer B.Fab)
      (effects (font (size 1 1) (thickness 0.15)) (justify mirror))
    )
    (fp_text user %R (at 0 0 90) (layer B.Fab)
      (effects (font (size 0.5 0.5) (thickness 0.08)) (justify mirror))
    )
    (fp_line (start 1.85 -0.95) (end -1.85 -0.95) (layer B.CrtYd) (width 0.05))
    (fp_line (start 1.85 0.95) (end 1.85 -0.95) (layer B.CrtYd) (width 0.05))
    (fp_line (start -1.85 0.95) (end 1.85 0.95) (layer B.CrtYd) (width 0.05))
    (fp_line (start -1.85 -0.95) (end -1.85 0.95) (layer B.CrtYd) (width 0.05))
    (fp_line (start -0.261252 -0.71) (end 0.261252 -0.71) (layer B.SilkS) (width 0.12))
    (fp_line (start -0.261252 0.71) (end 0.261252 0.71) (layer B.SilkS) (width 0.12))
    (fp_line (start 1 -0.6) (end -1 -0.6) (layer B.Fab) (width 0.1))
    (fp_line (start 1 0.6) (end 1 -0.6) (layer B.Fab) (width 0.1))
    (fp_line (start -1 0.6) (end 1 0.6) (layer B.Fab) (width 0.1))
    (fp_line (start -1 -0.6) (end -1 0.6) (layer B.Fab) (width 0.1))
    (pad 2 smd roundrect (at 1.025 0 270) (size 1.15 1.4) (layers B.Cu B.Paste B.Mask) (roundrect_rratio 0.217391)
      (net 2 "Net-(C3-Pad2)"))
    (pad 1 smd roundrect (at -1.025 0 270) (size 1.15 1.4) (layers B.Cu B.Paste B.Mask) (roundrect_rratio 0.217391)
      (net 1 10_AVSS))
    (model ${KISYS3DMOD}/Capacitor_SMD.3dshapes/C_0805_2012Metric.wrl
      (at (xyz 0 0 0))
      (scale (xyz 1 1 1))
      (rotate (xyz 0 0 0))
    )
  )

  (module Capacitor_SMD:C_0805_2012Metric_Pad1.15x1.40mm_HandSolder (layer B.Cu) (tedit 5B36C52B) (tstamp 5E2BE212)
    (at 88.45 74.6 90)
    (descr "Capacitor SMD 0805 (2012 Metric), square (rectangular) end terminal, IPC_7351 nominal with elongated pad for handsoldering. (Body size source: https://docs.google.com/spreadsheets/d/1BsfQQcO9C6DZCsRaXUlFlo91Tg2WpOkGARC1WS5S8t0/edit?usp=sharing), generated with kicad-footprint-generator")
    (tags "capacitor handsolder")
    (path /5E29E759)
    (attr smd)
    (fp_text reference C4 (at 0 -1.981 90) (layer B.SilkS)
      (effects (font (size 1 1) (thickness 0.15)) (justify mirror))
    )
    (fp_text value 100pF (at 0 -1.65 90) (layer B.Fab)
      (effects (font (size 1 1) (thickness 0.15)) (justify mirror))
    )
    (fp_line (start -1 -0.6) (end -1 0.6) (layer B.Fab) (width 0.1))
    (fp_line (start -1 0.6) (end 1 0.6) (layer B.Fab) (width 0.1))
    (fp_line (start 1 0.6) (end 1 -0.6) (layer B.Fab) (width 0.1))
    (fp_line (start 1 -0.6) (end -1 -0.6) (layer B.Fab) (width 0.1))
    (fp_line (start -0.261252 0.71) (end 0.261252 0.71) (layer B.SilkS) (width 0.12))
    (fp_line (start -0.261252 -0.71) (end 0.261252 -0.71) (layer B.SilkS) (width 0.12))
    (fp_line (start -1.85 -0.95) (end -1.85 0.95) (layer B.CrtYd) (width 0.05))
    (fp_line (start -1.85 0.95) (end 1.85 0.95) (layer B.CrtYd) (width 0.05))
    (fp_line (start 1.85 0.95) (end 1.85 -0.95) (layer B.CrtYd) (width 0.05))
    (fp_line (start 1.85 -0.95) (end -1.85 -0.95) (layer B.CrtYd) (width 0.05))
    (fp_text user %R (at 0 0 90) (layer B.Fab)
      (effects (font (size 0.5 0.5) (thickness 0.08)) (justify mirror))
    )
    (pad 1 smd roundrect (at -1.025 0 90) (size 1.15 1.4) (layers B.Cu B.Paste B.Mask) (roundrect_rratio 0.217391)
      (net 3 "Net-(C4-Pad1)"))
    (pad 2 smd roundrect (at 1.025 0 90) (size 1.15 1.4) (layers B.Cu B.Paste B.Mask) (roundrect_rratio 0.217391)
      (net 1 10_AVSS))
    (model ${KISYS3DMOD}/Capacitor_SMD.3dshapes/C_0805_2012Metric.wrl
      (at (xyz 0 0 0))
      (scale (xyz 1 1 1))
      (rotate (xyz 0 0 0))
    )
  )

  (module Capacitor_SMD:C_0805_2012Metric_Pad1.15x1.40mm_HandSolder (layer B.Cu) (tedit 5B36C52B) (tstamp 5E31F0DE)
    (at 73.2 76.175 270)
    (descr "Capacitor SMD 0805 (2012 Metric), square (rectangular) end terminal, IPC_7351 nominal with elongated pad for handsoldering. (Body size source: https://docs.google.com/spreadsheets/d/1BsfQQcO9C6DZCsRaXUlFlo91Tg2WpOkGARC1WS5S8t0/edit?usp=sharing), generated with kicad-footprint-generator")
    (tags "capacitor handsolder")
    (path /5E54CB89)
    (attr smd)
    (fp_text reference C5 (at -3 -0.075 90) (layer B.SilkS)
      (effects (font (size 1 1) (thickness 0.15)) (justify mirror))
    )
    (fp_text value 0.1uF (at 0 -1.65 90) (layer B.Fab)
      (effects (font (size 1 1) (thickness 0.15)) (justify mirror))
    )
    (fp_line (start -1 -0.6) (end -1 0.6) (layer B.Fab) (width 0.1))
    (fp_line (start -1 0.6) (end 1 0.6) (layer B.Fab) (width 0.1))
    (fp_line (start 1 0.6) (end 1 -0.6) (layer B.Fab) (width 0.1))
    (fp_line (start 1 -0.6) (end -1 -0.6) (layer B.Fab) (width 0.1))
    (fp_line (start -0.261252 0.71) (end 0.261252 0.71) (layer B.SilkS) (width 0.12))
    (fp_line (start -0.261252 -0.71) (end 0.261252 -0.71) (layer B.SilkS) (width 0.12))
    (fp_line (start -1.85 -0.95) (end -1.85 0.95) (layer B.CrtYd) (width 0.05))
    (fp_line (start -1.85 0.95) (end 1.85 0.95) (layer B.CrtYd) (width 0.05))
    (fp_line (start 1.85 0.95) (end 1.85 -0.95) (layer B.CrtYd) (width 0.05))
    (fp_line (start 1.85 -0.95) (end -1.85 -0.95) (layer B.CrtYd) (width 0.05))
    (fp_text user %R (at 0 0 90) (layer B.Fab)
      (effects (font (size 0.5 0.5) (thickness 0.08)) (justify mirror))
    )
    (pad 1 smd roundrect (at -1.025 0 270) (size 1.15 1.4) (layers B.Cu B.Paste B.Mask) (roundrect_rratio 0.217391)
      (net 4 9_AVDD))
    (pad 2 smd roundrect (at 1.025 0 270) (size 1.15 1.4) (layers B.Cu B.Paste B.Mask) (roundrect_rratio 0.217391)
      (net 1 10_AVSS))
    (model ${KISYS3DMOD}/Capacitor_SMD.3dshapes/C_0805_2012Metric.wrl
      (at (xyz 0 0 0))
      (scale (xyz 1 1 1))
      (rotate (xyz 0 0 0))
    )
  )

  (module Capacitor_SMD:C_0805_2012Metric_Pad1.15x1.40mm_HandSolder (layer B.Cu) (tedit 5B36C52B) (tstamp 5E315017)
    (at 56.2 108.075 90)
    (descr "Capacitor SMD 0805 (2012 Metric), square (rectangular) end terminal, IPC_7351 nominal with elongated pad for handsoldering. (Body size source: https://docs.google.com/spreadsheets/d/1BsfQQcO9C6DZCsRaXUlFlo91Tg2WpOkGARC1WS5S8t0/edit?usp=sharing), generated with kicad-footprint-generator")
    (tags "capacitor handsolder")
    (path /5E54D421)
    (attr smd)
    (fp_text reference C6 (at 2.7 1.35 90) (layer B.SilkS)
      (effects (font (size 1 1) (thickness 0.15)) (justify mirror))
    )
    (fp_text value 0.01uF (at 0 -1.65 90) (layer B.Fab)
      (effects (font (size 1 1) (thickness 0.15)) (justify mirror))
    )
    (fp_text user %R (at 0 0 90) (layer B.Fab)
      (effects (font (size 0.5 0.5) (thickness 0.08)) (justify mirror))
    )
    (fp_line (start 1.85 -0.95) (end -1.85 -0.95) (layer B.CrtYd) (width 0.05))
    (fp_line (start 1.85 0.95) (end 1.85 -0.95) (layer B.CrtYd) (width 0.05))
    (fp_line (start -1.85 0.95) (end 1.85 0.95) (layer B.CrtYd) (width 0.05))
    (fp_line (start -1.85 -0.95) (end -1.85 0.95) (layer B.CrtYd) (width 0.05))
    (fp_line (start -0.261252 -0.71) (end 0.261252 -0.71) (layer B.SilkS) (width 0.12))
    (fp_line (start -0.261252 0.71) (end 0.261252 0.71) (layer B.SilkS) (width 0.12))
    (fp_line (start 1 -0.6) (end -1 -0.6) (layer B.Fab) (width 0.1))
    (fp_line (start 1 0.6) (end 1 -0.6) (layer B.Fab) (width 0.1))
    (fp_line (start -1 0.6) (end 1 0.6) (layer B.Fab) (width 0.1))
    (fp_line (start -1 -0.6) (end -1 0.6) (layer B.Fab) (width 0.1))
    (pad 2 smd roundrect (at 1.025 0 90) (size 1.15 1.4) (layers B.Cu B.Paste B.Mask) (roundrect_rratio 0.217391)
      (net 5 GNDA))
    (pad 1 smd roundrect (at -1.025 0 90) (size 1.15 1.4) (layers B.Cu B.Paste B.Mask) (roundrect_rratio 0.217391)
      (net 4 9_AVDD))
    (model ${KISYS3DMOD}/Capacitor_SMD.3dshapes/C_0805_2012Metric.wrl
      (at (xyz 0 0 0))
      (scale (xyz 1 1 1))
      (rotate (xyz 0 0 0))
    )
  )

  (module Capacitor_SMD:C_0805_2012Metric_Pad1.15x1.40mm_HandSolder (layer B.Cu) (tedit 5B36C52B) (tstamp 5E2BE438)
    (at 91.85 75.6 180)
    (descr "Capacitor SMD 0805 (2012 Metric), square (rectangular) end terminal, IPC_7351 nominal with elongated pad for handsoldering. (Body size source: https://docs.google.com/spreadsheets/d/1BsfQQcO9C6DZCsRaXUlFlo91Tg2WpOkGARC1WS5S8t0/edit?usp=sharing), generated with kicad-footprint-generator")
    (tags "capacitor handsolder")
    (path /5E29E74D)
    (attr smd)
    (fp_text reference C8 (at 0.05 2.1 270) (layer B.SilkS)
      (effects (font (size 1 1) (thickness 0.15)) (justify mirror))
    )
    (fp_text value 1nF (at 0 -1.65) (layer B.Fab)
      (effects (font (size 1 1) (thickness 0.15)) (justify mirror))
    )
    (fp_text user %R (at 0 0) (layer B.Fab)
      (effects (font (size 0.5 0.5) (thickness 0.08)) (justify mirror))
    )
    (fp_line (start 1.85 -0.95) (end -1.85 -0.95) (layer B.CrtYd) (width 0.05))
    (fp_line (start 1.85 0.95) (end 1.85 -0.95) (layer B.CrtYd) (width 0.05))
    (fp_line (start -1.85 0.95) (end 1.85 0.95) (layer B.CrtYd) (width 0.05))
    (fp_line (start -1.85 -0.95) (end -1.85 0.95) (layer B.CrtYd) (width 0.05))
    (fp_line (start -0.261252 -0.71) (end 0.261252 -0.71) (layer B.SilkS) (width 0.12))
    (fp_line (start -0.261252 0.71) (end 0.261252 0.71) (layer B.SilkS) (width 0.12))
    (fp_line (start 1 -0.6) (end -1 -0.6) (layer B.Fab) (width 0.1))
    (fp_line (start 1 0.6) (end 1 -0.6) (layer B.Fab) (width 0.1))
    (fp_line (start -1 0.6) (end 1 0.6) (layer B.Fab) (width 0.1))
    (fp_line (start -1 -0.6) (end -1 0.6) (layer B.Fab) (width 0.1))
    (pad 2 smd roundrect (at 1.025 0 180) (size 1.15 1.4) (layers B.Cu B.Paste B.Mask) (roundrect_rratio 0.217391)
      (net 3 "Net-(C4-Pad1)"))
    (pad 1 smd roundrect (at -1.025 0 180) (size 1.15 1.4) (layers B.Cu B.Paste B.Mask) (roundrect_rratio 0.217391)
      (net 2 "Net-(C3-Pad2)"))
    (model ${KISYS3DMOD}/Capacitor_SMD.3dshapes/C_0805_2012Metric.wrl
      (at (xyz 0 0 0))
      (scale (xyz 1 1 1))
      (rotate (xyz 0 0 0))
    )
  )

  (module Capacitor_THT:C_Disc_D3.0mm_W1.6mm_P2.50mm (layer F.Cu) (tedit 5AE50EF0) (tstamp 5E31F10E)
    (at 70 75.15 270)
    (descr "C, Disc series, Radial, pin pitch=2.50mm, , diameter*width=3.0*1.6mm^2, Capacitor, http://www.vishay.com/docs/45233/krseries.pdf")
    (tags "C Disc series Radial pin pitch 2.50mm  diameter 3.0mm width 1.6mm Capacitor")
    (path /5E54D018)
    (fp_text reference C9 (at 1.175 1.725 90) (layer F.SilkS)
      (effects (font (size 1 1) (thickness 0.15)))
    )
    (fp_text value 10uF (at 1.25 2.05 90) (layer F.Fab)
      (effects (font (size 1 1) (thickness 0.15)))
    )
    (fp_line (start -0.25 -0.8) (end -0.25 0.8) (layer F.Fab) (width 0.1))
    (fp_line (start -0.25 0.8) (end 2.75 0.8) (layer F.Fab) (width 0.1))
    (fp_line (start 2.75 0.8) (end 2.75 -0.8) (layer F.Fab) (width 0.1))
    (fp_line (start 2.75 -0.8) (end -0.25 -0.8) (layer F.Fab) (width 0.1))
    (fp_line (start 0.621 -0.92) (end 1.879 -0.92) (layer F.SilkS) (width 0.12))
    (fp_line (start 0.621 0.92) (end 1.879 0.92) (layer F.SilkS) (width 0.12))
    (fp_line (start -1.05 -1.05) (end -1.05 1.05) (layer F.CrtYd) (width 0.05))
    (fp_line (start -1.05 1.05) (end 3.55 1.05) (layer F.CrtYd) (width 0.05))
    (fp_line (start 3.55 1.05) (end 3.55 -1.05) (layer F.CrtYd) (width 0.05))
    (fp_line (start 3.55 -1.05) (end -1.05 -1.05) (layer F.CrtYd) (width 0.05))
    (fp_text user %R (at 1.25 0 90) (layer F.Fab)
      (effects (font (size 0.6 0.6) (thickness 0.09)))
    )
    (pad 1 thru_hole circle (at 0 0 270) (size 1.6 1.6) (drill 0.8) (layers *.Cu *.Mask)
      (net 4 9_AVDD))
    (pad 2 thru_hole circle (at 2.5 0 270) (size 1.6 1.6) (drill 0.8) (layers *.Cu *.Mask)
      (net 1 10_AVSS))
    (model ${KISYS3DMOD}/Capacitor_THT.3dshapes/C_Disc_D3.0mm_W1.6mm_P2.50mm.wrl
      (at (xyz 0 0 0))
      (scale (xyz 1 1 1))
      (rotate (xyz 0 0 0))
    )
  )

  (module Capacitor_THT:C_Disc_D3.0mm_W1.6mm_P2.50mm (layer F.Cu) (tedit 5AE50EF0) (tstamp 5E314FB7)
    (at 58.95 109.55 90)
    (descr "C, Disc series, Radial, pin pitch=2.50mm, , diameter*width=3.0*1.6mm^2, Capacitor, http://www.vishay.com/docs/45233/krseries.pdf")
    (tags "C Disc series Radial pin pitch 2.50mm  diameter 3.0mm width 1.6mm Capacitor")
    (path /5E54DA63)
    (fp_text reference C10 (at 0.05 2.4 90) (layer F.SilkS)
      (effects (font (size 1 1) (thickness 0.15)))
    )
    (fp_text value 1uF (at 1.25 2.05 90) (layer F.Fab)
      (effects (font (size 1 1) (thickness 0.15)))
    )
    (fp_text user %R (at 1.25 0 90) (layer F.Fab)
      (effects (font (size 0.6 0.6) (thickness 0.09)))
    )
    (fp_line (start 3.55 -1.05) (end -1.05 -1.05) (layer F.CrtYd) (width 0.05))
    (fp_line (start 3.55 1.05) (end 3.55 -1.05) (layer F.CrtYd) (width 0.05))
    (fp_line (start -1.05 1.05) (end 3.55 1.05) (layer F.CrtYd) (width 0.05))
    (fp_line (start -1.05 -1.05) (end -1.05 1.05) (layer F.CrtYd) (width 0.05))
    (fp_line (start 0.621 0.92) (end 1.879 0.92) (layer F.SilkS) (width 0.12))
    (fp_line (start 0.621 -0.92) (end 1.879 -0.92) (layer F.SilkS) (width 0.12))
    (fp_line (start 2.75 -0.8) (end -0.25 -0.8) (layer F.Fab) (width 0.1))
    (fp_line (start 2.75 0.8) (end 2.75 -0.8) (layer F.Fab) (width 0.1))
    (fp_line (start -0.25 0.8) (end 2.75 0.8) (layer F.Fab) (width 0.1))
    (fp_line (start -0.25 -0.8) (end -0.25 0.8) (layer F.Fab) (width 0.1))
    (pad 2 thru_hole circle (at 2.5 0 90) (size 1.6 1.6) (drill 0.8) (layers *.Cu *.Mask)
      (net 5 GNDA))
    (pad 1 thru_hole circle (at 0 0 90) (size 1.6 1.6) (drill 0.8) (layers *.Cu *.Mask)
      (net 4 9_AVDD))
    (model ${KISYS3DMOD}/Capacitor_THT.3dshapes/C_Disc_D3.0mm_W1.6mm_P2.50mm.wrl
      (at (xyz 0 0 0))
      (scale (xyz 1 1 1))
      (rotate (xyz 0 0 0))
    )
  )

  (module Capacitor_SMD:C_0805_2012Metric_Pad1.15x1.40mm_HandSolder (layer B.Cu) (tedit 5B36C52B) (tstamp 5E2C5E67)
    (at 91.875 82.375 180)
    (descr "Capacitor SMD 0805 (2012 Metric), square (rectangular) end terminal, IPC_7351 nominal with elongated pad for handsoldering. (Body size source: https://docs.google.com/spreadsheets/d/1BsfQQcO9C6DZCsRaXUlFlo91Tg2WpOkGARC1WS5S8t0/edit?usp=sharing), generated with kicad-footprint-generator")
    (tags "capacitor handsolder")
    (path /5E29E75F)
    (attr smd)
    (fp_text reference C14 (at -0.01 -1.805) (layer B.SilkS)
      (effects (font (size 1 1) (thickness 0.15)) (justify mirror))
    )
    (fp_text value 2700pF (at 0 -1.65) (layer B.Fab)
      (effects (font (size 1 1) (thickness 0.15)) (justify mirror))
    )
    (fp_text user %R (at 0 0) (layer B.Fab)
      (effects (font (size 0.5 0.5) (thickness 0.08)) (justify mirror))
    )
    (fp_line (start 1.85 -0.95) (end -1.85 -0.95) (layer B.CrtYd) (width 0.05))
    (fp_line (start 1.85 0.95) (end 1.85 -0.95) (layer B.CrtYd) (width 0.05))
    (fp_line (start -1.85 0.95) (end 1.85 0.95) (layer B.CrtYd) (width 0.05))
    (fp_line (start -1.85 -0.95) (end -1.85 0.95) (layer B.CrtYd) (width 0.05))
    (fp_line (start -0.261252 -0.71) (end 0.261252 -0.71) (layer B.SilkS) (width 0.12))
    (fp_line (start -0.261252 0.71) (end 0.261252 0.71) (layer B.SilkS) (width 0.12))
    (fp_line (start 1 -0.6) (end -1 -0.6) (layer B.Fab) (width 0.1))
    (fp_line (start 1 0.6) (end 1 -0.6) (layer B.Fab) (width 0.1))
    (fp_line (start -1 0.6) (end 1 0.6) (layer B.Fab) (width 0.1))
    (fp_line (start -1 -0.6) (end -1 0.6) (layer B.Fab) (width 0.1))
    (pad 2 smd roundrect (at 1.025 0 180) (size 1.15 1.4) (layers B.Cu B.Paste B.Mask) (roundrect_rratio 0.217391)
      (net 41 8_AIN4P))
    (pad 1 smd roundrect (at -1.025 0 180) (size 1.15 1.4) (layers B.Cu B.Paste B.Mask) (roundrect_rratio 0.217391)
      (net 42 7_AIN4N))
    (model ${KISYS3DMOD}/Capacitor_SMD.3dshapes/C_0805_2012Metric.wrl
      (at (xyz 0 0 0))
      (scale (xyz 1 1 1))
      (rotate (xyz 0 0 0))
    )
  )

  (module Capacitor_SMD:C_0805_2012Metric_Pad1.15x1.40mm_HandSolder (layer B.Cu) (tedit 5B36C52B) (tstamp 5E315137)
    (at 47.875 117.4 270)
    (descr "Capacitor SMD 0805 (2012 Metric), square (rectangular) end terminal, IPC_7351 nominal with elongated pad for handsoldering. (Body size source: https://docs.google.com/spreadsheets/d/1BsfQQcO9C6DZCsRaXUlFlo91Tg2WpOkGARC1WS5S8t0/edit?usp=sharing), generated with kicad-footprint-generator")
    (tags "capacitor handsolder")
    (path /5E54DFC4)
    (attr smd)
    (fp_text reference C17 (at 3.125 0.475 90) (layer B.SilkS)
      (effects (font (size 1 1) (thickness 0.15)) (justify mirror))
    )
    (fp_text value 0.01uF (at 0 -1.65 90) (layer B.Fab)
      (effects (font (size 1 1) (thickness 0.15)) (justify mirror))
    )
    (fp_line (start -1 -0.6) (end -1 0.6) (layer B.Fab) (width 0.1))
    (fp_line (start -1 0.6) (end 1 0.6) (layer B.Fab) (width 0.1))
    (fp_line (start 1 0.6) (end 1 -0.6) (layer B.Fab) (width 0.1))
    (fp_line (start 1 -0.6) (end -1 -0.6) (layer B.Fab) (width 0.1))
    (fp_line (start -0.261252 0.71) (end 0.261252 0.71) (layer B.SilkS) (width 0.12))
    (fp_line (start -0.261252 -0.71) (end 0.261252 -0.71) (layer B.SilkS) (width 0.12))
    (fp_line (start -1.85 -0.95) (end -1.85 0.95) (layer B.CrtYd) (width 0.05))
    (fp_line (start -1.85 0.95) (end 1.85 0.95) (layer B.CrtYd) (width 0.05))
    (fp_line (start 1.85 0.95) (end 1.85 -0.95) (layer B.CrtYd) (width 0.05))
    (fp_line (start 1.85 -0.95) (end -1.85 -0.95) (layer B.CrtYd) (width 0.05))
    (fp_text user %R (at 0 0 90) (layer B.Fab)
      (effects (font (size 0.5 0.5) (thickness 0.08)) (justify mirror))
    )
    (pad 1 smd roundrect (at -1.025 0 270) (size 1.15 1.4) (layers B.Cu B.Paste B.Mask) (roundrect_rratio 0.217391)
      (net 6 15_IOVDD))
    (pad 2 smd roundrect (at 1.025 0 270) (size 1.15 1.4) (layers B.Cu B.Paste B.Mask) (roundrect_rratio 0.217391)
      (net 7 27_GND))
    (model ${KISYS3DMOD}/Capacitor_SMD.3dshapes/C_0805_2012Metric.wrl
      (at (xyz 0 0 0))
      (scale (xyz 1 1 1))
      (rotate (xyz 0 0 0))
    )
  )

  (module Capacitor_SMD:C_0805_2012Metric_Pad1.15x1.40mm_HandSolder (layer B.Cu) (tedit 5B36C52B) (tstamp 5E337587)
    (at 59.75 100.475 270)
    (descr "Capacitor SMD 0805 (2012 Metric), square (rectangular) end terminal, IPC_7351 nominal with elongated pad for handsoldering. (Body size source: https://docs.google.com/spreadsheets/d/1BsfQQcO9C6DZCsRaXUlFlo91Tg2WpOkGARC1WS5S8t0/edit?usp=sharing), generated with kicad-footprint-generator")
    (tags "capacitor handsolder")
    (path /5E54ECAB)
    (attr smd)
    (fp_text reference C18 (at -3.5 -0.1 90) (layer B.SilkS)
      (effects (font (size 1 1) (thickness 0.15)) (justify mirror))
    )
    (fp_text value 0.01uF (at 0 -1.65 90) (layer B.Fab)
      (effects (font (size 1 1) (thickness 0.15)) (justify mirror))
    )
    (fp_text user %R (at 0 0 90) (layer B.Fab)
      (effects (font (size 0.5 0.5) (thickness 0.08)) (justify mirror))
    )
    (fp_line (start 1.85 -0.95) (end -1.85 -0.95) (layer B.CrtYd) (width 0.05))
    (fp_line (start 1.85 0.95) (end 1.85 -0.95) (layer B.CrtYd) (width 0.05))
    (fp_line (start -1.85 0.95) (end 1.85 0.95) (layer B.CrtYd) (width 0.05))
    (fp_line (start -1.85 -0.95) (end -1.85 0.95) (layer B.CrtYd) (width 0.05))
    (fp_line (start -0.261252 -0.71) (end 0.261252 -0.71) (layer B.SilkS) (width 0.12))
    (fp_line (start -0.261252 0.71) (end 0.261252 0.71) (layer B.SilkS) (width 0.12))
    (fp_line (start 1 -0.6) (end -1 -0.6) (layer B.Fab) (width 0.1))
    (fp_line (start 1 0.6) (end 1 -0.6) (layer B.Fab) (width 0.1))
    (fp_line (start -1 0.6) (end 1 0.6) (layer B.Fab) (width 0.1))
    (fp_line (start -1 -0.6) (end -1 0.6) (layer B.Fab) (width 0.1))
    (pad 2 smd roundrect (at 1.025 0 270) (size 1.15 1.4) (layers B.Cu B.Paste B.Mask) (roundrect_rratio 0.217391)
      (net 5 GNDA))
    (pad 1 smd roundrect (at -1.025 0 270) (size 1.15 1.4) (layers B.Cu B.Paste B.Mask) (roundrect_rratio 0.217391)
      (net 1 10_AVSS))
    (model ${KISYS3DMOD}/Capacitor_SMD.3dshapes/C_0805_2012Metric.wrl
      (at (xyz 0 0 0))
      (scale (xyz 1 1 1))
      (rotate (xyz 0 0 0))
    )
  )

  (module Capacitor_THT:C_Disc_D3.0mm_W1.6mm_P2.50mm (layer F.Cu) (tedit 5AE50EF0) (tstamp 5E3152B7)
    (at 45.125 116.35 270)
    (descr "C, Disc series, Radial, pin pitch=2.50mm, , diameter*width=3.0*1.6mm^2, Capacitor, http://www.vishay.com/docs/45233/krseries.pdf")
    (tags "C Disc series Radial pin pitch 2.50mm  diameter 3.0mm width 1.6mm Capacitor")
    (path /5E54E5F3)
    (fp_text reference C19 (at 1.35 1.95 90) (layer F.SilkS)
      (effects (font (size 1 1) (thickness 0.15)))
    )
    (fp_text value 1uF (at 1.25 2.05 90) (layer F.Fab)
      (effects (font (size 1 1) (thickness 0.15)))
    )
    (fp_text user %R (at 1.25 0 90) (layer F.Fab)
      (effects (font (size 0.6 0.6) (thickness 0.09)))
    )
    (fp_line (start 3.55 -1.05) (end -1.05 -1.05) (layer F.CrtYd) (width 0.05))
    (fp_line (start 3.55 1.05) (end 3.55 -1.05) (layer F.CrtYd) (width 0.05))
    (fp_line (start -1.05 1.05) (end 3.55 1.05) (layer F.CrtYd) (width 0.05))
    (fp_line (start -1.05 -1.05) (end -1.05 1.05) (layer F.CrtYd) (width 0.05))
    (fp_line (start 0.621 0.92) (end 1.879 0.92) (layer F.SilkS) (width 0.12))
    (fp_line (start 0.621 -0.92) (end 1.879 -0.92) (layer F.SilkS) (width 0.12))
    (fp_line (start 2.75 -0.8) (end -0.25 -0.8) (layer F.Fab) (width 0.1))
    (fp_line (start 2.75 0.8) (end 2.75 -0.8) (layer F.Fab) (width 0.1))
    (fp_line (start -0.25 0.8) (end 2.75 0.8) (layer F.Fab) (width 0.1))
    (fp_line (start -0.25 -0.8) (end -0.25 0.8) (layer F.Fab) (width 0.1))
    (pad 2 thru_hole circle (at 2.5 0 270) (size 1.6 1.6) (drill 0.8) (layers *.Cu *.Mask)
      (net 7 27_GND))
    (pad 1 thru_hole circle (at 0 0 270) (size 1.6 1.6) (drill 0.8) (layers *.Cu *.Mask)
      (net 6 15_IOVDD))
    (model ${KISYS3DMOD}/Capacitor_THT.3dshapes/C_Disc_D3.0mm_W1.6mm_P2.50mm.wrl
      (at (xyz 0 0 0))
      (scale (xyz 1 1 1))
      (rotate (xyz 0 0 0))
    )
  )

  (module Capacitor_THT:C_Disc_D3.0mm_W1.6mm_P2.50mm (layer F.Cu) (tedit 5AE50EF0) (tstamp 5E337515)
    (at 57.1 99.45 270)
    (descr "C, Disc series, Radial, pin pitch=2.50mm, , diameter*width=3.0*1.6mm^2, Capacitor, http://www.vishay.com/docs/45233/krseries.pdf")
    (tags "C Disc series Radial pin pitch 2.50mm  diameter 3.0mm width 1.6mm Capacitor")
    (path /5E54F578)
    (fp_text reference C20 (at -2.8 -0.05 90) (layer F.SilkS)
      (effects (font (size 1 1) (thickness 0.15)))
    )
    (fp_text value 1uF (at 1.25 2.05 90) (layer F.Fab)
      (effects (font (size 1 1) (thickness 0.15)))
    )
    (fp_text user %R (at 1.25 0 90) (layer F.Fab)
      (effects (font (size 0.6 0.6) (thickness 0.09)))
    )
    (fp_line (start 3.55 -1.05) (end -1.05 -1.05) (layer F.CrtYd) (width 0.05))
    (fp_line (start 3.55 1.05) (end 3.55 -1.05) (layer F.CrtYd) (width 0.05))
    (fp_line (start -1.05 1.05) (end 3.55 1.05) (layer F.CrtYd) (width 0.05))
    (fp_line (start -1.05 -1.05) (end -1.05 1.05) (layer F.CrtYd) (width 0.05))
    (fp_line (start 0.621 0.92) (end 1.879 0.92) (layer F.SilkS) (width 0.12))
    (fp_line (start 0.621 -0.92) (end 1.879 -0.92) (layer F.SilkS) (width 0.12))
    (fp_line (start 2.75 -0.8) (end -0.25 -0.8) (layer F.Fab) (width 0.1))
    (fp_line (start 2.75 0.8) (end 2.75 -0.8) (layer F.Fab) (width 0.1))
    (fp_line (start -0.25 0.8) (end 2.75 0.8) (layer F.Fab) (width 0.1))
    (fp_line (start -0.25 -0.8) (end -0.25 0.8) (layer F.Fab) (width 0.1))
    (pad 2 thru_hole circle (at 2.5 0 270) (size 1.6 1.6) (drill 0.8) (layers *.Cu *.Mask)
      (net 5 GNDA))
    (pad 1 thru_hole circle (at 0 0 270) (size 1.6 1.6) (drill 0.8) (layers *.Cu *.Mask)
      (net 1 10_AVSS))
    (model ${KISYS3DMOD}/Capacitor_THT.3dshapes/C_Disc_D3.0mm_W1.6mm_P2.50mm.wrl
      (at (xyz 0 0 0))
      (scale (xyz 1 1 1))
      (rotate (xyz 0 0 0))
    )
  )

  (module Capacitor_THT:C_Disc_D3.0mm_W1.6mm_P2.50mm (layer F.Cu) (tedit 5AE50EF0) (tstamp 5E2F4AFC)
    (at 66.8 96.925 270)
    (descr "C, Disc series, Radial, pin pitch=2.50mm, , diameter*width=3.0*1.6mm^2, Capacitor, http://www.vishay.com/docs/45233/krseries.pdf")
    (tags "C Disc series Radial pin pitch 2.50mm  diameter 3.0mm width 1.6mm Capacitor")
    (path /5E316C5A)
    (fp_text reference C21 (at 1.25 -2.05 90) (layer F.SilkS)
      (effects (font (size 1 1) (thickness 0.15)))
    )
    (fp_text value 1uF (at 1.25 2.05 90) (layer F.Fab)
      (effects (font (size 1 1) (thickness 0.15)))
    )
    (fp_text user %R (at 1.25 0 90) (layer F.Fab)
      (effects (font (size 0.6 0.6) (thickness 0.09)))
    )
    (fp_line (start 3.55 -1.05) (end -1.05 -1.05) (layer F.CrtYd) (width 0.05))
    (fp_line (start 3.55 1.05) (end 3.55 -1.05) (layer F.CrtYd) (width 0.05))
    (fp_line (start -1.05 1.05) (end 3.55 1.05) (layer F.CrtYd) (width 0.05))
    (fp_line (start -1.05 -1.05) (end -1.05 1.05) (layer F.CrtYd) (width 0.05))
    (fp_line (start 0.621 0.92) (end 1.879 0.92) (layer F.SilkS) (width 0.12))
    (fp_line (start 0.621 -0.92) (end 1.879 -0.92) (layer F.SilkS) (width 0.12))
    (fp_line (start 2.75 -0.8) (end -0.25 -0.8) (layer F.Fab) (width 0.1))
    (fp_line (start 2.75 0.8) (end 2.75 -0.8) (layer F.Fab) (width 0.1))
    (fp_line (start -0.25 0.8) (end 2.75 0.8) (layer F.Fab) (width 0.1))
    (fp_line (start -0.25 -0.8) (end -0.25 0.8) (layer F.Fab) (width 0.1))
    (pad 2 thru_hole circle (at 2.5 0 270) (size 1.6 1.6) (drill 0.8) (layers *.Cu *.Mask)
      (net 1 10_AVSS))
    (pad 1 thru_hole circle (at 0 0 270) (size 1.6 1.6) (drill 0.8) (layers *.Cu *.Mask)
      (net 8 14_REFEXT))
    (model ${KISYS3DMOD}/Capacitor_THT.3dshapes/C_Disc_D3.0mm_W1.6mm_P2.50mm.wrl
      (at (xyz 0 0 0))
      (scale (xyz 1 1 1))
      (rotate (xyz 0 0 0))
    )
  )

  (module Capacitor_THT:C_Disc_D3.0mm_W1.6mm_P2.50mm (layer F.Cu) (tedit 5AE50EF0) (tstamp 5E2F4B2C)
    (at 91.575 97.1 180)
    (descr "C, Disc series, Radial, pin pitch=2.50mm, , diameter*width=3.0*1.6mm^2, Capacitor, http://www.vishay.com/docs/45233/krseries.pdf")
    (tags "C Disc series Radial pin pitch 2.50mm  diameter 3.0mm width 1.6mm Capacitor")
    (path /5E317685)
    (fp_text reference C22 (at 1.325 1.95) (layer F.SilkS)
      (effects (font (size 1 1) (thickness 0.15)))
    )
    (fp_text value 1uF (at 1.25 2.05) (layer F.Fab)
      (effects (font (size 1 1) (thickness 0.15)))
    )
    (fp_line (start -0.25 -0.8) (end -0.25 0.8) (layer F.Fab) (width 0.1))
    (fp_line (start -0.25 0.8) (end 2.75 0.8) (layer F.Fab) (width 0.1))
    (fp_line (start 2.75 0.8) (end 2.75 -0.8) (layer F.Fab) (width 0.1))
    (fp_line (start 2.75 -0.8) (end -0.25 -0.8) (layer F.Fab) (width 0.1))
    (fp_line (start 0.621 -0.92) (end 1.879 -0.92) (layer F.SilkS) (width 0.12))
    (fp_line (start 0.621 0.92) (end 1.879 0.92) (layer F.SilkS) (width 0.12))
    (fp_line (start -1.05 -1.05) (end -1.05 1.05) (layer F.CrtYd) (width 0.05))
    (fp_line (start -1.05 1.05) (end 3.55 1.05) (layer F.CrtYd) (width 0.05))
    (fp_line (start 3.55 1.05) (end 3.55 -1.05) (layer F.CrtYd) (width 0.05))
    (fp_line (start 3.55 -1.05) (end -1.05 -1.05) (layer F.CrtYd) (width 0.05))
    (fp_text user %R (at 1.25 0) (layer F.Fab)
      (effects (font (size 0.6 0.6) (thickness 0.09)))
    )
    (pad 1 thru_hole circle (at 0 0 180) (size 1.6 1.6) (drill 0.8) (layers *.Cu *.Mask)
      (net 9 28_CAP))
    (pad 2 thru_hole circle (at 2.5 0 180) (size 1.6 1.6) (drill 0.8) (layers *.Cu *.Mask)
      (net 5 GNDA))
    (model ${KISYS3DMOD}/Capacitor_THT.3dshapes/C_Disc_D3.0mm_W1.6mm_P2.50mm.wrl
      (at (xyz 0 0 0))
      (scale (xyz 1 1 1))
      (rotate (xyz 0 0 0))
    )
  )

  (module Capacitor_THT:C_Disc_D3.0mm_W1.6mm_P2.50mm (layer F.Cu) (tedit 5AE50EF0) (tstamp 5E2B993A)
    (at 66.8 91.85 270)
    (descr "C, Disc series, Radial, pin pitch=2.50mm, , diameter*width=3.0*1.6mm^2, Capacitor, http://www.vishay.com/docs/45233/krseries.pdf")
    (tags "C Disc series Radial pin pitch 2.50mm  diameter 3.0mm width 1.6mm Capacitor")
    (path /5E32DEBD)
    (fp_text reference C23 (at 1.375 2.25 90) (layer F.SilkS)
      (effects (font (size 1 1) (thickness 0.15)))
    )
    (fp_text value 1uF (at 1.25 2.05 90) (layer F.Fab)
      (effects (font (size 1 1) (thickness 0.15)))
    )
    (fp_text user %R (at 1.25 0 90) (layer F.Fab)
      (effects (font (size 0.6 0.6) (thickness 0.09)))
    )
    (fp_line (start 3.55 -1.05) (end -1.05 -1.05) (layer F.CrtYd) (width 0.05))
    (fp_line (start 3.55 1.05) (end 3.55 -1.05) (layer F.CrtYd) (width 0.05))
    (fp_line (start -1.05 1.05) (end 3.55 1.05) (layer F.CrtYd) (width 0.05))
    (fp_line (start -1.05 -1.05) (end -1.05 1.05) (layer F.CrtYd) (width 0.05))
    (fp_line (start 0.621 0.92) (end 1.879 0.92) (layer F.SilkS) (width 0.12))
    (fp_line (start 0.621 -0.92) (end 1.879 -0.92) (layer F.SilkS) (width 0.12))
    (fp_line (start 2.75 -0.8) (end -0.25 -0.8) (layer F.Fab) (width 0.1))
    (fp_line (start 2.75 0.8) (end 2.75 -0.8) (layer F.Fab) (width 0.1))
    (fp_line (start -0.25 0.8) (end 2.75 0.8) (layer F.Fab) (width 0.1))
    (fp_line (start -0.25 -0.8) (end -0.25 0.8) (layer F.Fab) (width 0.1))
    (pad 2 thru_hole circle (at 2.5 0 270) (size 1.6 1.6) (drill 0.8) (layers *.Cu *.Mask)
      (net 10 12_REFP))
    (pad 1 thru_hole circle (at 0 0 270) (size 1.6 1.6) (drill 0.8) (layers *.Cu *.Mask)
      (net 1 10_AVSS))
    (model ${KISYS3DMOD}/Capacitor_THT.3dshapes/C_Disc_D3.0mm_W1.6mm_P2.50mm.wrl
      (at (xyz 0 0 0))
      (scale (xyz 1 1 1))
      (rotate (xyz 0 0 0))
    )
  )

  (module Capacitor_SMD:C_0805_2012Metric_Pad1.15x1.40mm_HandSolder (layer B.Cu) (tedit 5B36C52B) (tstamp 5E2B994B)
    (at 75.375 93.335 270)
    (descr "Capacitor SMD 0805 (2012 Metric), square (rectangular) end terminal, IPC_7351 nominal with elongated pad for handsoldering. (Body size source: https://docs.google.com/spreadsheets/d/1BsfQQcO9C6DZCsRaXUlFlo91Tg2WpOkGARC1WS5S8t0/edit?usp=sharing), generated with kicad-footprint-generator")
    (tags "capacitor handsolder")
    (path /5E3486F2)
    (attr smd)
    (fp_text reference C24 (at 3.39 0.025 90) (layer B.SilkS)
      (effects (font (size 1 1) (thickness 0.15)) (justify mirror))
    )
    (fp_text value 0.22uF (at 0 -1.65 90) (layer B.Fab)
      (effects (font (size 1 1) (thickness 0.15)) (justify mirror))
    )
    (fp_text user %R (at 0 0 90) (layer B.Fab)
      (effects (font (size 0.5 0.5) (thickness 0.08)) (justify mirror))
    )
    (fp_line (start 1.85 -0.95) (end -1.85 -0.95) (layer B.CrtYd) (width 0.05))
    (fp_line (start 1.85 0.95) (end 1.85 -0.95) (layer B.CrtYd) (width 0.05))
    (fp_line (start -1.85 0.95) (end 1.85 0.95) (layer B.CrtYd) (width 0.05))
    (fp_line (start -1.85 -0.95) (end -1.85 0.95) (layer B.CrtYd) (width 0.05))
    (fp_line (start -0.261252 -0.71) (end 0.261252 -0.71) (layer B.SilkS) (width 0.12))
